SU_ENT2
48*35
0.0000*1.0000|0|0
-220,-30
Border: Solid
1,6,25|0,7,20|1,11,20|1,11,32|0,16,20|0,18,20|0,21,34|0,22,20|1,23,34|1,26,19|0,26,34|1,27,19|0,28,7|1,29,7|0,30,7|0,30,19|0,31,7|0,32,34|1,33,7|0,33,19|1,35,19|0,36,13|1,39,15|1,43,13|1,43,26|0,45,27|



0

1|1,4,3|1|1|1|1|1|1|1|1|1|1|1|1|1|1|1|1|1|1|1|1|1|1|1|1|1|1|1|0,6|1|1|1|1|1|1|1,3|1|1|1|1|1|1|1|1|1|1|1|1|1|1|1|1|1|1|1|1|1|1|1|1|1|1,5,3|1|0,6|1|1|1|1|1|1|1,3|1|1|1|1|1|1|1|1|1|1|1|1|1|1|1|1|1|1|1|1|1|1|1|1|1|1,3|1|0,6|1|1|1|1|1|1|1,3|1|1|1|1|1|1|1|1|1|1|1|1|1,5,3|1,3|1,3|1,3|1,3|4,3,6|0,6|0,6|0,6|2,6|1|1|1|1,3|1|0,6|0,6|0,6|1|1|1|1|1,3|1|1|1|1|1|1|1|1|1|1|1|1|1|1|1|1|1|1|1|2,6|0,6|0,6|2,6|1|1|1,3|1|1|0,6|0,6|0,6|1|1|1|1,3|1|1|1|1|1|1|1|1|2,6|0,6|0,6|0,6|0,6|0,6|0,6|0,6|0,6|2,6|1|1|0,6|0,6|0,6|1|1|1,3|1|1|0,6|0,6|0,6|1|1|1|1,3|1,3|1,3|1,3|4,3,6|0,6|0,6|0,6|0,6|0,6|0,2,6|0,6|0,6|0|0|0|0,6|0,6|0,6|1|0,6|0,6|0,6|2,6|1|1|4,3,3,6|1|1|1|0,6|0,6|1|1|1|1|1|1|1|1|1|1|1|1|1|1|2,6|0|0|0|0|0|0|0,6|3,6|0,6|0,6|0,6|1|1|1|0,6|1|1|1|0,6|1|1|1|1|1|1|1|1|1|1|1|1|1|1|1|1|0|0|0|0|0,6|0,6|0,6|1|1|1|0,6|1|1|2,6|0,6|2,6|1|1|1|1|1|1|1|1|1|1|1|1|1|1|1|1|1|1|1|0|0|0,6|0,6|0,6|0,6|0,6|1|1|1|4,3,6|1|1|0,6|0,6|0,6|0,6|0,6|2,6|1|0,6|1|1|1|1|1|1|1|1|1|1|1|1|1|2|0,6|0,6|0,6|0,6|0,6|0,6|0,6|1|1|1|1,3|1|1|0,6|0,6|0,6|0,6|0,2,6|0,6|1|0,6|1|1|1|1|1|1|1|1|1|1|1|0|0,2|0|0|0|0|0,6|0,6|0,6|0,6|1|1|1|1,3|1|2,6|0,6|0,6|0,6|0,6|0,2,6|0,6|1|1|1|1|1|1|1|1|1|1|1|1|2|0|0,2|0|0|0|0|0|0|0,6|0,6|3,6|0,6|1|1,5,3|1|0,6|0,6|0,6|0,6|0,6|0,2,6|0,6|1|1|1|1|1|1|1|1|1|1|1|1|0,1|0|0|0|0|0|0|0|0,1|0,1,6|0,1,6|1|0,6|1|1|1|0,1,6|0,1,6|0,1,6|0,1,6|0,1,6|0,1,2,6|0,1,6|1|1|1|1|1|1|1|1|1|1|1|1|0|0|0|0|0|0|0|0|0|0,6|0,6|3,6|0,6|0,6|1|1|0,6|0,6|0,6|0,6|0,6|0,2,6|0,6|2,6|1|1|1|1|1|1|0,6|0,6|0,6|1|1|0,6|0|0|0|0|0|0|0|0|0,6|0,6|1|1|0,6|1|1|2,6|0,6|0,6|0,6|0,6|0,2,6|0,6|0,6|1|1|1|1|1|1|1|1|0,6|0,6|1|2,6|0,6|0,6|0|0|0|0|0|0|0|0,6|1|1|0,6|1|1|1|2,6|0,6|0,6|0,6|0,6|0,6|0,6|1|1|1|1|1|1|1|1|1|0,6|1|1|0,6|0,6|0,6|0|0|0|0|0|0|0,6|1|1|0,6|0,6|1|1|1|0,6|0,6|0,6|0,6|0,6|0,6|2,6|1|1|1|0,6|0,6|1|1|1|1|0,6|0,6|0,1,6|0,1,6|0,1,6|0,1,6|0,1,6|0,1|0,1|0,1|0,1|0,1,6|1|1|1|0,6|0,6|0,6|0,6|0,1,6|0,1,6|0,6|0,6|0,6|0,1,6|0,1,6|1|1|0,6|0,6|0,6|0,6|1|0,6|0,6|1|1|0|0,6|0,6|0,6|0,6|0,6|0,6|0|0|0,6|1|1|1|1|1|1|2|0|0,6|0,6|0,6|0,6|0,6|0,6|1|1|1|1|1|1|1|1|0,6|1|1|0|0,2|0,6|0,6|0,6|0,6|0,6|0,6|0,6|0,6|1|1|1|1|1|1|0|0|0|0|0,6|0,6|0,6|0,6|1|1|1|1|1|1|1|0,6|1|1|1|0|0,2|0|0,6|0,6|0,6|0,6|0,6|0,6|0,6|1|1|1|1|1|2|0|0|0|0|0|0|0,6|0,6|1|1|1|1|1|1|1|0,6|1|1|1|1|0,2|0|0|0,6|0,6|0,6|0,6|0,6|0,6|1|1|1|1|1|0,1|0,1|0,1|0,1|0|0|0|0|0,6|1|1|1|1|1|1|1|1|1|1|1|2|0,2|0|0|0|0|0,6|0,6|0,6|2,6|1|1|1|1|2,6|0,6|0,6|0,6|0,6|0,6|0|0|0|0|1|1|1|1|1|1,4,3|1,3|1,3|1,3|4,3|0|0|0,2|0|0|0|0|0|0|0|1|1|1|1|1|0,6|0,6|0,6|0,6|0,6|0,6|0,6|0,6|0,6|0,6|1|1|1|1|1|1|1|1|1|1|1|0|1|0|0|0|0|0|0|0|1|1|1|1|1|1|0,6|0,6|0,6|0,6|0,6|0,6|0,6|0,6|0,6|1|1,4,3|1,3|4,3,6|0,6|0,6|0,6|2,6|1|1|1|1|1|2|0|0|0|0,6|0,6|0,6|1|1,3|1,3|1,3|4,3,3,6|0,6|0,6|0,6|0,6|0,6|0,6|0,6|0,6|0,6|0,6|1|1|1|1|1|2,6|0,6|0,6|1|1|1|1|1|1|0|0|0,6|0,6|0,6|0,6|1|1,3|1|1|1|1|0,6|0,6|0,6|0,6|0,6|0,6|0,6|0,6|0,6|1|1|1|1|1|1|2,6|0,6|1|1|1|1,4,3|1|1|0,6|0,6|0,6|0,6|0,6|0,6|1|1,3|1|1|1|2,6|0,6|0,6|0,6|0,6|0,6|0,6|0,6|0,6|0,6|1|1|1|1|1|1|1|0,6|1|1|1|1,3|1|1|1|2,6|0,6|0,6|0,6|0,6|1|1,3|1|1|2,6|0,6|0,6|0,6|0,6|0,6|0,6|0,6|0,6|0,6|0,6|1|1|1|1|1|1|1|0,6|1|1|1|1,3|1|1|1|1|1|1|0,6|0,6|1|1,3|1|1|1|1|1|2,6|0,6|0,6|0,6|0,6|0,6|0,6|0,6|1|1|1|1|1|1|1|0,6|1|1|1|4,3,6|1|1|1|0,6|1|1|2,6|0,6|1|1,3|1|1|1|1|1|1|0,6|0,6|0,6|0,6|0,6|0,6|0,6|1|1|1|1|1|1|1|0,6|2,6|1|1|0,6|1|1|1|0,6|2,6|1|1|0,6|1|1,3|1|1|1|1|1|1|1|2,6|0,6|0,6|0,6|2,6|0,6|1|1|1|1|1|1|1|0,6|0,6|0,6|0,6|0,6|1|1|1|0,6|0,6|0,6|1|0,6|1|1,3|1|1|1|1|1|1|1|1|1|0,6|1|1|0,6|1|1|1|1|1|1|1|0,6|0,6|0,6|0,6|0,6|2,6|1|1|2,6|0,6|2,6|1|0,6|1|1,3|1|1|1|1|1|1|1|1|1|0,6|1|1|4,3,3,6|1|1|1|1|1|1|1|0,6|0,6|0,6|0,6|0,6|0,6|0,6|1|1|1|1|1|0,6|1|1,3|1|1|1|1|1|1|1|1|1|0,6|1|1|1,3|1|1|1|1|1|1|1|0,6|0,6|0,6|0,6|0,6|0,6|0,6|2,6|1|1|1|1|0,6|0,6|1,3|1|1|1|1|1|1|1|1|1|0,6|1|1|1,3|1|1|1|1|1|1|1|0,6|0,6|0,6|0,6|0,6|0,6|0,6|0,6|2,6|1|1|1|2,6|0,6|1,3|1|1|1|1|0,6|0,6|0,6|0,6|0,6|0,6|1|1|1,3|1|1|1|1|1|1|1|2,6|0,6|0,6|0,6|0,6|0,6|0,6|0,6|0,6|1|1|1|1|1|1,3|1|1|1|1|0,6|0,6|0,6|0,6|0,6|0,6|0,6|1|1,3|1|1|1|1|1|1|1|1|0,6|0,6|0,6|0,6|0,6|0,6|0,6|2,6|1|1|1|1|1|1,3|1|0,6|1|1|0,6|1|1|1|0,6|0,6|0,6|1|1,3|1|1|1|1|1|1|1|1|2,6|0,6|0,6|0,6|0,6|0,6|2,6|1|1|1|1|1|1|2,3,6|0,6|2,6|1|1|0,6|1|1|1|1|0,6|1|1|1,5,3|1|1|1|1|1|1|1|1|1|0,4,3,6|0,6|0,6|0,6|0,6|1|1|1|1|1|2,6|0,6|0,3,6|2,6|1|1|0,6|0,6|1|2,6|1|1|0,6|1|1|1|1|1|1|1|1|1|1|1|1|0,6|0,6|0,6|0,6|0,6|1|1|1|1|1|1|1|1,3|1|1|0,6|0,6|0,6|1|0,6|1|1|0,6|1|1|1|1|1|1|1|1|1|1|1|1|2,6|0,6|0,6|0,6|0,6|0,6|0,6|0,6|0,6|0,6|0,6|0,6|0,3,6|0,1,6|0,1,6|0,1,6|0,1,6|0,1,6|1|1|1|0,6|0,6|1|1|1|1|1|1|1|1|1|1|1|1|1|0,6|1|1|1|1|1|1|1|1|1|0,6|0,3,6|0,6|0,6|0,6|0,6|0,6|0,6|1|0,6|0,6|0,6|1|1|1|1|1|1|1|1|1|1|1|1|1|4,3,6|1|1|1|1|1|1|1|1|1|1|1,3|1|1|0,6|0,6|0,6|0,6|3,6|0,6|1|1|1|1|1|1|1|1|1|1|1|1|1|1|1|1,3|1|1|1|1|1|1|1|1|1|1|1,3|1|1|1|1|1|1|1|1|1|1|1|1|1|1|1|1|1|1|1|1|1|1|1|1,3|1,3|1,3|1,3|1,3|1,3|1,3|1,3|1,3|1,3|1,3|1,3|1|1|1|1|1|1|1|1|1|1|1|1|1|1|
